1 0.8453125 0.79609375 0.21015625 0.2609375
1 0.38359375 0.79140625 0.203125 0.275
1 0.846875 0.20078125 0.215625 0.26953125
1 0.61875 0.20703125 0.2015625 0.2609375
1 0.15546875 0.79375 0.20859375 0.265625
0 0.62109375 0.78984375 0.20390625 0.26015625
1 0.39296875 0.2015625 0.1984375 0.27109375
0 0.1625 0.20703125 0.2109375 0.27265625
0 0.15859375 0.49921875 0.22421875 0.25625
0 0.61953125 0.50859375 0.20234375 0.26171875
1 0.38671875 0.49296875 0.20234375 0.2625
0 0.83984375 0.5015625 0.2125 0.24921875