0 0.2734375 0.60546875 0.2140625 0.2546875
0 0.11484375 0.9296875 0.22109375 0.1390625
0 0.38515625 0.2109375 0.22734375 0.29921875
0 0.08515625 0.6484375 0.1671875 0.26015625
0 0.45546875 0.94375 0.24140625 0.11015625
0 0.89140625 0.46953125 0.21640625 0.290625
0 0.646875 0.8796875 0.21953125 0.2359375
0 0.8609375 0.146875 0.22265625 0.28671875
0 0.65546875 0.43203125 0.2171875 0.259375
0 0.19140625 0.359375 0.22421875 0.2859375
1 0.5015625 0.025 0.2484375 0.04921875
1 0.50546875 0.5359375 0.98125 0.91484375