1 0.49921875 0.49921875 0.9984375 0.9984375
0 0.61640625 0.55078125 0.2390625 0.4046875
0 0.22265625 0.29296875 0.2546875 0.4046875
0 0.86015625 0.44765625 0.2484375 0.4046875
0 0.51953125 0.24921875 0.2234375 0.3546875
0 0.71015625 0.91171875 0.2421875 0.1734375
0 0.8203125 0.1703125 0.253125 0.259375
0 0.36171875 0.8203125 0.2421875 0.3375
0 0.07421875 0.30234375 0.1484375 0.3765625
0 0.15703125 0.05859375 0.1484375 0.1171875
0 0.0734375 0.6296875 0.146875 0.390625
0 0.5 0.0078125 0.16875 0.015625
0 0.953125 0.53984375 0.090625 0.3703125
0 0.8 0.80625 0.23125 0.321875
0 0.26484375 0.05625 0.1859375 0.1125
0 0.2203125 0.61328125 0.184375 0.3359375
0 0.41484375 0.16640625 0.2234375 0.3328125
0 0.56328125 0.8671875 0.2296875 0.2625
0 0.10234375 0.85 0.2046875 0.171875