1 0.49921875 0.49921875 0.9984375 0.9984375
0 0.82421875 0.62734375 0.2359375 0.4109375
0 0.37421875 0.47734375 0.2265625 0.4109375
0 0.54921875 0.16796875 0.2296875 0.3359375
0 0.1625 0.12109375 0.240625 0.2421875
0 0.16015625 0.64140625 0.2296875 0.4109375
0 0.78359375 0.071875 0.2109375 0.14375
0 0.5453125 0.7484375 0.225 0.353125
0 0.28828125 0.88046875 0.2484375 0.2359375
0 0.95078125 0.56875 0.0953125 0.390625
0 0.9515625 0.06640625 0.09375 0.1328125
0 0.90390625 0.25625 0.1859375 0.396875
0 0.33828125 0.1484375 0.1953125 0.296875
0 0.940625 0.88125 0.1125 0.234375
0 0.73515625 0.32109375 0.1921875 0.3453125
0 0.04140625 0.8359375 0.0828125 0.325
0 0.1296875 0.2875 0.21875 0.3125