0 0.7578125 0.8859375 0.171875 0.22265625
0 0.92265625 0.6234375 0.15234375 0.19296875
0 0.59453125 0.88203125 0.1578125 0.23203125
0 0.7859375 0.3671875 0.178125 0.2046875
0 0.7671875 0.67265625 0.1625 0.1953125
0 0.3625 0.15390625 0.146875 0.2125
0 0.63125 0.584375 0.15078125 0.196875
0 0.578125 0.0859375 0.1375 0.17109375
1 0.30546875 0.56796875 0.1640625 0.21015625
0 0.5359375 0.37734375 0.15390625 0.18828125
0 0.6953125 0.1546875 0.13359375 0.18515625
0 0.35078125 0.36953125 0.1484375 0.19765625
1 0.1203125 0.11015625 0.1640625 0.20859375
1 0.41875 0.88828125 0.1953125 0.22265625
1 0.04765625 0.425 0.0953125 0.19609375
1 0.48125 0.6875 0.146875 0.2046875
0 0.925 0.95546875 0.1484375 0.08828125
0 0.83359375 0.11171875 0.16875 0.18828125
1 0.21640625 0.39140625 0.14375 0.19765625
0 0.19140625 0.83203125 0.1671875 0.21484375
0 0.5796875 0.71953125 0.09140625 0.09765625
1 0.49921875 0.1921875 0.14375 0.19453125
0 0.090625 0.96953125 0.1703125 0.06015625
1 0.51328125 0.4 0.97265625 0.7953125