1 0.69609375 0.58046875 0.1390625 0.20625
1 0.76484375 0.34296875 0.15625 0.2265625
1 0.46015625 0.21875 0.14765625 0.22421875
1 0.1546875 0.378125 0.165625 0.234375
1 0.353125 0.60546875 0.14921875 0.21484375
1 0.9515625 0.3578125 0.0953125 0.2265625
1 0.45234375 0.4484375 0.1484375 0.2328125
0 0.86796875 0.528125 0.190625 0.259375
1 0.1921875 0.61328125 0.178125 0.24921875
0 0.065625 0.53046875 0.1296875 0.2359375
1 0.60625 0.35703125 0.15234375 0.234375
0 0.30625 0.325 0.1828125 0.26953125
1 0.6203125 0.875 0.73125 0.24765625
0 0.540625 0.61171875 0.16328125 0.234375