0 0.084375 0.3453125 0.16796875 0.21796875
0 0.3015625 0.34375 0.2953125 0.228125
0 0.1625 0.540625 0.29765625 0.2171875
0 0.45234375 0.53203125 0.30546875 0.21796875
0 0.43046875 0.13046875 0.2984375 0.2484375
0 0.3421875 0.7234375 0.29765625 0.20625
0 0.3109375 0.9078125 0.27734375 0.1828125
1 0.87890625 0.7 0.240625 0.22265625
0 0.928125 0.15234375 0.13984375 0.2
0 0.1515625 0.15625 0.28046875 0.2046875
0 0.79609375 0.8984375 0.2453125 0.2
0 0.09453125 0.909375 0.18671875 0.1796875
1 0.5375 0.0359375 0.32109375 0.071875
0 0.6234375 0.71796875 0.3109375 0.21875
0 0.5828125 0.340625 0.28984375 0.215625
1 0.10859375 0.0265625 0.2140625 0.053125
1 0.71953125 0.15 0.290625 0.209375
1 0.7484375 0.5140625 0.3125 0.2265625