0 0.7578125 0.8859375 0.17109375 0.2234375
0 0.92265625 0.6234375 0.153125 0.19296875
0 0.59453125 0.88203125 0.15703125 0.2328125
0 0.78515625 0.3671875 0.17734375 0.2046875
0 0.76640625 0.67265625 0.1625 0.1953125
1 0.36328125 0.153125 0.14609375 0.2125
0 0.63203125 0.58359375 0.15 0.196875
0 0.578125 0.0859375 0.1375 0.17109375
1 0.30546875 0.56796875 0.16484375 0.21015625
0 0.53515625 0.37734375 0.153125 0.1890625
0 0.6953125 0.15390625 0.13359375 0.18515625
1 0.11953125 0.11015625 0.16484375 0.2078125
1 0.41875 0.88828125 0.19609375 0.221875
1 0.35 0.36953125 0.14921875 0.1984375
1 0.04765625 0.42578125 0.09453125 0.196875
1 0.48125 0.68828125 0.146875 0.20390625
0 0.92421875 0.9546875 0.1484375 0.08828125
1 0.83359375 0.11171875 0.16875 0.1890625
0 0.57890625 0.71953125 0.0921875 0.0984375
1 0.21640625 0.39140625 0.14453125 0.1984375
1 0.190625 0.83203125 0.1671875 0.215625
1 0.5 0.19140625 0.14296875 0.1953125
1 0.21171875 0.39140625 0.365625 0.77734375